{
  "x_0_0_0": 1.0,
  "x_0_0_1": 2.0,
  "x_0_0_2": 3.0,
  "x_0_0_3": 6.0,
  "x_0_0_4": 4.0,
  "x_0_0_5": 5.0,
  "x_0_0_6": 6.0,
  "x_0_0_7": 5.0,
  "x_0_0_8": 1.0,
  "x_0_0_9": 2.0,
  "x_0_0_10": 5.0,
  "x_0_0_11": 5.0,
  "x_0_0_12": 4.0,
  "x_0_0_13": 5.0,
  "x_0_0_14": 10.0,
  "x_0_0_15": 25.0,
  "x_0_0_16": 5.0,
  "x_0_0_17": 2.0,
  "x_0_0_18": 10.0,
  "x_0_0_19": 25.0,
  "x_0_1_0": 0.1414213562373095,
  "x_0_1_1": 0.282842712474619,
  "x_0_1_2": 0.4242640687119285,
  "x_0_1_3": 0.848528137423857,
  "x_0_1_4": 0.39605901719066977,
  "x_0_1_5": 0.4950737714883372,
  "x_0_1_6": 0.5940885257860046,
  "x_0_1_7": 0.4950737714883372,
  "x_0_1_8": 0.13483997249264842,
  "x_0_1_9": 0.26967994498529685,
  "x_0_1_10": 0.674199862463242,
  "x_0_1_11": 0.674199862463242,
  "x_0_1_12": 0.14452587470598482,
  "x_0_1_13": 0.18065734338248104,
  "x_0_1_14": 0.3613146867649621,
  "x_0_1_15": 0.9032867169124053,
  "x_0_1_16": 0.18208926018230742,
  "x_0_1_17": 0.07283570407292297,
  "x_0_1_18": 0.36417852036461484,
  "x_0_1_19": 0.9104463009115371
}