{
  "x_0_0_0": 1,
  "x_0_0_1": -2,
  "x_0_0_2": 3,
  "x_0_0_3": 6,
  "x_0_0_4": 4,
  "x_0_0_5": 5,
  "x_0_0_6": -6,
  "x_0_0_7": 5,
  "x_0_0_8": -1,
  "x_0_0_9": 2,
  "x_0_0_10": 5,
  "x_0_0_11": 5,
  "x_0_0_12": 4,
  "x_0_0_13": 5,
  "x_0_0_14": 10,
  "x_0_0_15": -25,
  "x_0_0_16": 5,
  "x_0_0_17": -2,
  "x_0_0_18": 10,
  "x_0_0_19": 25,
  "x_0_1_0": 0.08333333333333333,
  "x_0_1_1": -0.16666666666666666,
  "x_0_1_2": 0.25,
  "x_0_1_3": 0.5,
  "x_0_1_4": 0.2,
  "x_0_1_5": 0.25,
  "x_0_1_6": -0.3,
  "x_0_1_7": 0.25,
  "x_0_1_8": -0.07692307692307693,
  "x_0_1_9": 0.15384615384615385,
  "x_0_1_10": 0.38461538461538464,
  "x_0_1_11": 0.38461538461538464,
  "x_0_1_12": 0.09090909090909091,
  "x_0_1_13": 0.11363636363636363,
  "x_0_1_14": 0.22727272727272727,
  "x_0_1_15": -0.5681818181818182,
  "x_0_1_16": 0.11904761904761904,
  "x_0_1_17": -0.047619047619047616,
  "x_0_1_18": 0.23809523809523808,
  "x_0_1_19": 0.5952380952380952
}