{
  "x_0_0_0": 1.0,
  "x_0_0_1": 2.33,
  "x_0_0_2": 3.14,
  "x_0_0_3": 9.99,
  "x_0_0_4": 1.0,
  "x_0_0_5": 2.33,
  "x_0_0_6": 3.14,
  "x_0_0_7": 9.99,
  "x_0_0_8": 1.0,
  "x_0_0_9": 2.33,
  "x_0_0_10": 3.14,
  "x_0_0_11": 9.99,
  "x_0_0_12": 1.0,
  "x_0_0_13": 2.33,
  "x_0_0_14": 3.14,
  "x_0_0_15": 9.99,
  "x_0_0_16": 1.0,
  "x_0_0_17": 2.33,
  "x_0_0_18": 3.14,
  "x_0_0_19": 9.99,
  "x_0_0_20": 1.0,
  "x_0_0_21": 2.33,
  "x_0_0_22": 3.14,
  "x_0_0_23": 9.99,
  "x_0_0_24": 1.0,
  "x_0_0_25": 2.33,
  "x_0_0_26": 3.14,
  "x_0_0_27": 9.99,
  "x_0_0_28": 1.0,
  "x_0_0_29": 2.33,
  "x_0_0_30": 3.14,
  "x_0_0_31": 9.99,
  "x_0_0_32": 1.0,
  "x_0_0_33": 2.33,
  "x_0_0_34": 3.14,
  "x_0_0_35": 9.99,
  "x_0_0_36": 1.0,
  "x_0_0_37": 2.33,
  "x_0_0_38": 3.14,
  "x_0_0_39": 9.99,
  "x_0_0_40": 1.0,
  "x_0_0_41": 2.33,
  "x_0_0_42": 3.14,
  "x_0_0_43": 9.99,
  "x_0_0_44": 1.0,
  "x_0_0_45": 2.33,
  "x_0_0_46": 3.14,
  "x_0_0_47": 9.99,
  "x_0_0_48": 1.0,
  "x_0_0_49": 2.33,
  "x_0_0_50": 3.14,
  "x_0_0_51": 9.99,
  "x_0_0_52": 1.0,
  "x_0_0_53": 2.33,
  "x_0_0_54": 3.14,
  "x_0_0_55": 9.99,
  "x_0_0_56": 1.0,
  "x_0_0_57": 2.33,
  "x_0_0_58": 3.14,
  "x_0_0_59": 9.99,
  "x_0_0_60": 1.0,
  "x_0_0_61": 2.33,
  "x_0_0_62": 3.14,
  "x_0_0_63": 9.99,
  "x_0_1": 5.0,
  "x_0_2_0": 1.0,
  "x_0_2_1": 68.6719856393,
  "x_0_2_2": 305.2447761824001,
  "x_0_2_3": 99500.99900049991,
  "x_0_2_4": 1.0,
  "x_0_2_5": 68.6719856393,
  "x_0_2_6": 305.2447761824001,
  "x_0_2_7": 99500.99900049991,
  "x_0_2_8": 1.0,
  "x_0_2_9": 68.6719856393,
  "x_0_2_10": 305.2447761824001,
  "x_0_2_11": 99500.99900049991,
  "x_0_2_12": 1.0,
  "x_0_2_13": 68.6719856393,
  "x_0_2_14": 305.2447761824001,
  "x_0_2_15": 99500.99900049991,
  "x_0_2_16": 1.0,
  "x_0_2_17": 68.6719856393,
  "x_0_2_18": 305.2447761824001,
  "x_0_2_19": 99500.99900049991,
  "x_0_2_20": 1.0,
  "x_0_2_21": 68.6719856393,
  "x_0_2_22": 305.2447761824001,
  "x_0_2_23": 99500.99900049991,
  "x_0_2_24": 1.0,
  "x_0_2_25": 68.6719856393,
  "x_0_2_26": 305.2447761824001,
  "x_0_2_27": 99500.99900049991,
  "x_0_2_28": 1.0,
  "x_0_2_29": 68.6719856393,
  "x_0_2_30": 305.2447761824001,
  "x_0_2_31": 99500.99900049991,
  "x_0_2_32": 1.0,
  "x_0_2_33": 68.6719856393,
  "x_0_2_34": 305.2447761824001,
  "x_0_2_35": 99500.99900049991,
  "x_0_2_36": 1.0,
  "x_0_2_37": 68.6719856393,
  "x_0_2_38": 305.2447761824001,
  "x_0_2_39": 99500.99900049991,
  "x_0_2_40": 1.0,
  "x_0_2_41": 68.6719856393,
  "x_0_2_42": 305.2447761824001,
  "x_0_2_43": 99500.99900049991,
  "x_0_2_44": 1.0,
  "x_0_2_45": 68.6719856393,
  "x_0_2_46": 305.2447761824001,
  "x_0_2_47": 99500.99900049991,
  "x_0_2_48": 1.0,
  "x_0_2_49": 68.6719856393,
  "x_0_2_50": 305.2447761824001,
  "x_0_2_51": 99500.99900049991,
  "x_0_2_52": 1.0,
  "x_0_2_53": 68.6719856393,
  "x_0_2_54": 305.2447761824001,
  "x_0_2_55": 99500.99900049991,
  "x_0_2_56": 1.0,
  "x_0_2_57": 68.6719856393,
  "x_0_2_58": 305.2447761824001,
  "x_0_2_59": 99500.99900049991,
  "x_0_2_60": 1.0,
  "x_0_2_61": 68.6719856393,
  "x_0_2_62": 305.2447761824001,
  "x_0_2_63": 99500.99900049991
}