{
  "x_0_0_0": 1.0,
  "x_0_0_1": 2.33,
  "x_0_0_2": 3.14,
  "x_0_0_3": 9.99,
  "x_0_0_4": 1.0,
  "x_0_0_5": 2.33,
  "x_0_0_6": 3.14,
  "x_0_0_7": 9.99,
  "x_0_0_8": 1.0,
  "x_0_0_9": 2.33,
  "x_0_0_10": 3.14,
  "x_0_0_11": 9.99,
  "x_0_0_12": 1.0,
  "x_0_0_13": 2.33,
  "x_0_0_14": 3.14,
  "x_0_0_15": 9.99,
  "x_0_0_16": 1.0,
  "x_0_0_17": 2.33,
  "x_0_0_18": 3.14,
  "x_0_0_19": 9.99,
  "x_0_0_20": 1.0,
  "x_0_0_21": 2.33,
  "x_0_0_22": 3.14,
  "x_0_0_23": 9.99,
  "x_0_0_24": 1.0,
  "x_0_0_25": 2.33,
  "x_0_0_26": 3.14,
  "x_0_0_27": 9.99,
  "x_0_0_28": 1.0,
  "x_0_0_29": 2.33,
  "x_0_0_30": 3.14,
  "x_0_0_31": 9.99,
  "x_0_1": 5.0,
  "x_0_2_0": 1.0,
  "x_0_2_1": 68.6719856393,
  "x_0_2_2": 305.2447761824001,
  "x_0_2_3": 99500.99900049991,
  "x_0_2_4": 1.0,
  "x_0_2_5": 68.6719856393,
  "x_0_2_6": 305.2447761824001,
  "x_0_2_7": 99500.99900049991,
  "x_0_2_8": 1.0,
  "x_0_2_9": 68.6719856393,
  "x_0_2_10": 305.2447761824001,
  "x_0_2_11": 99500.99900049991,
  "x_0_2_12": 1.0,
  "x_0_2_13": 68.6719856393,
  "x_0_2_14": 305.2447761824001,
  "x_0_2_15": 99500.99900049991,
  "x_0_2_16": 1.0,
  "x_0_2_17": 68.6719856393,
  "x_0_2_18": 305.2447761824001,
  "x_0_2_19": 99500.99900049991,
  "x_0_2_20": 1.0,
  "x_0_2_21": 68.6719856393,
  "x_0_2_22": 305.2447761824001,
  "x_0_2_23": 99500.99900049991,
  "x_0_2_24": 1.0,
  "x_0_2_25": 68.6719856393,
  "x_0_2_26": 305.2447761824001,
  "x_0_2_27": 99500.99900049991,
  "x_0_2_28": 1.0,
  "x_0_2_29": 68.6719856393,
  "x_0_2_30": 305.2447761824001,
  "x_0_2_31": 99500.99900049991
}