{
  "x_0_0_0": 1.0,
  "x_0_0_1": 2.33,
  "x_0_0_2": 3.14,
  "x_0_0_3": 9.99,
  "x_0_1": 5.0,
  "x_0_2_0": 1.0,
  "x_0_2_1": 68.6719856393,
  "x_0_2_2": 305.2447761824001,
  "x_0_2_3": 99500.99900049991
}
