{
  "x_0_0_0": 1.0,
  "x_0_0_1": 2.33,
  "x_0_0_2": 3.14,
  "x_0_0_3": 9.99,
  "x_0_0_4": 1.0,
  "x_0_0_5": 2.33,
  "x_0_0_6": 3.14,
  "x_0_0_7": 9.99,
  "x_0_0_8": 1.0,
  "x_0_0_9": 2.33,
  "x_0_0_10": 3.14,
  "x_0_0_11": 9.99,
  "x_0_0_12": 1.0,
  "x_0_0_13": 2.33,
  "x_0_0_14": 3.14,
  "x_0_0_15": 9.99,
  "x_0_1": 5.0,
  "x_0_2_0": 1.0,
  "x_0_2_1": 68.6719856393,
  "x_0_2_2": 305.2447761824001,
  "x_0_2_3": 99500.99900049991,
  "x_0_2_4": 1.0,
  "x_0_2_5": 68.6719856393,
  "x_0_2_6": 305.2447761824001,
  "x_0_2_7": 99500.99900049991,
  "x_0_2_8": 1.0,
  "x_0_2_9": 68.6719856393,
  "x_0_2_10": 305.2447761824001,
  "x_0_2_11": 99500.99900049991,
  "x_0_2_12": 1.0,
  "x_0_2_13": 68.6719856393,
  "x_0_2_14": 305.2447761824001,
  "x_0_2_15": 99500.99900049991
}