{
  "x_0_0_0": 0.0,
  "x_0_0_1": 1.0,
  "x_0_0_2": 2.0,
  "x_0_0_3": 5.0,
  "x_0_0_4": 6.0,
  "x_0_0_5": 7.0,
  "x_0_0_6": 8.0,
  "x_0_0_7": 8.0,
  "x_0_0_8": 8.0,
  "x_0_0_9": 10.0,
  "x_0_0_10": 29.0,
  "x_0_0_11": 32.0,
  "x_0_0_12": 45.0,
  "x_0_1_0": -27.545797458510656,
  "x_0_1_1": 52.31502822774143
}