{
  "x_0_0_0": 60.8,
  "x_0_0_1": 61.0,
  "x_0_0_2": 65.5,
  "x_0_0_3": 69.0,
  "x_0_0_4": 76.0,
  "x_0_0_5": 76.0,
  "x_0_0_6": 78.0,
  "x_0_0_7": 78.0,
  "x_0_0_8": 82.0,
  "x_0_0_9": 86.0,
  "x_0_0_10": 87.5,
  "x_0_0_11": 89.5,
  "x_0_0_12": 91.0,
  "x_0_0_13": 91.5,
  "x_0_0_14": 92.3,
  "x_0_0_15": 92.5,
  "x_0_0_16": 92.8,
  "x_0_0_17": 93.0,
  "x_0_0_18": 93.5,
  "x_0_0_19": 93.5,
  "x_0_0_20": 94.5,
  "x_0_0_21": 94.5,
  "x_0_0_22": 95.0,
  "x_0_0_23": 95.5,
  "x_0_0_24": 98.0,
  "x_0_0_25": 98.5,
  "x_0_0_26": 99.5,
  "x_0_1_0": 0.037037037037037035,
  "x_0_1_1": 0.07407407407407407,
  "x_0_1_2": 0.1111111111111111,
  "x_0_1_3": 0.14814814814814814,
  "x_0_1_4": 0.18518518518518517,
  "x_0_1_5": 0.2222222222222222,
  "x_0_1_6": 0.25925925925925924,
  "x_0_1_7": 0.2962962962962963,
  "x_0_1_8": 0.3333333333333333,
  "x_0_1_9": 0.37037037037037035,
  "x_0_1_10": 0.4074074074074074,
  "x_0_1_11": 0.4444444444444444,
  "x_0_1_12": 0.48148148148148145,
  "x_0_1_13": 0.5185185185185185,
  "x_0_1_14": 0.5555555555555556,
  "x_0_1_15": 0.5925925925925926,
  "x_0_1_16": 0.6296296296296297,
  "x_0_1_17": 0.6666666666666666,
  "x_0_1_18": 0.7037037037037037,
  "x_0_1_19": 0.7407407407407407,
  "x_0_1_20": 0.7777777777777778,
  "x_0_1_21": 0.8148148148148148,
  "x_0_1_22": 0.8518518518518519,
  "x_0_1_23": 0.8888888888888888,
  "x_0_1_24": 0.9259259259259259,
  "x_0_1_25": 0.9629629629629629,
  "x_0_1_26": 1.0
}